Webots Project File version R2023a
perspectives: 000000ff00000000fd0000000100000001000001ac000002f6fc0200000002fb0000001400540065007800740045006400690074006f00720100000000000002f60000008b00fffffffb0000001a0043006f006e0073006f006c00650041006c006c0041006c006c0200000000000002b0000002e90000006e000003ab000002f600000001000000020000000100000008fc00000000
simulationViewPerspectives: 000000ff000000010000000200000114000002950100000002010000000100
sceneTreePerspectives: 000000ff00000001000000030000001e000000c0000000fa0100000002010000000200
minimizedPerspectives: 000000ff00000000fd000000010000000100000087000002f6fc0200000002fb0000001400540065007800740045006400690074006f00720100000000000002860000008b00fffffffb0000001a0043006f006e0073006f006c00650041006c006c0041006c006c01000002880000006e0000003900ffffff00000517000002f600000001000000020000000100000008fc00000000
maximizedDockId: -1
centralWidgetVisible: 1
orthographicViewHeight: 1
textFiles: 0 "controllers/pathfinder/pathfinder.py"
globalOptionalRendering: DistanceSensorRays
renderingDevicePerspectives: TurtleBot3Burger:camera;1;0.342188;0;0.00285714
